-5.145468860808545
2.889620455419834
-19.850476897789477
-9.177639353945976
-6.267654093257246
-22.600932771212157
-3.035430475393711
0.7995592986202773
-11.404178314939905
-1.6344067741507775
-6.978738582452266
5.716096209433424
-17.38128718630915
-16.088824517964632
-17.840024797501272
-3.0551899663232085
-0.41945039184748545
-4.127054736749772
-13.255133768656364
-8.44227461501821
-10.757448132206036
4.4369140666273825
-24.875417503939516
-15.517914940020294
5.890567668159296
-22.95091008946534
0.056620158169106816
-14.284928045823534
-8.036337074235641
-7.816148270352482
-10.971552407662909
-13.17488195104918
