-0.4310369288763898
-0.6240356159070028
-1.858981807731697
1.1728031872920988
-0.563886078583252
8.886586370281325
2.0523330319492628
-1.7773514780620578
7.160727222527639
8.468087004588185
8.40278594974139
5.885061405125807
7.438215204628392
1.5723048232799588
9.072949580686126
4.754948762432984
4.890444973939391
0.6818414999676743
8.625808182909992
4.129116730410009
5.933609748627509
4.308277539974421
1.3252018618199721
8.11092530877251
5.094374706244414
2.3789692426153053
0.9678881792708713
-0.9007829107180068
0.7976152256659255
9.283245365577393
-1.3306267891091186
0.6023665675918024
