7.850790924274654
0.44224282195623205
3.013685467994911
13.148396707576168
0.1410087571258837
1.9039580333953994
5.107162878349271
2.84557188101245
0.18407204695499174
2.021314829436298
1.5512781591974245
2.084440765168108
21.975460514642325
3.4246559432280383
2.315763690117284
0.6565386586388821
3.2248543466668838
2.576872564534371
3.8566345843353753
5.209059430895616
6.597945513872171
7.239115965696903
0.8177061078019457
2.58808626337686
6.44381636661529
1.0715995595769365
6.1583880222605005
1.7002226875949384
0.9126852844492525
11.395858613715966
3.032113580742756
0.09161120361504074
