-2.346975733986687
4.4182404241799915
3.981528715667306
-0.42965379030144746
4.856426371563226
-1.1696937623762707
5.469681932841713
1.6880021630779907
-5.646088371882807
-7.0953557681064865
9.766939932367457
-1.7018276481691088
-0.6701248017733148
-0.4601345493704252
-5.951298651489557
-4.61087665243814
6.34402754040857
7.998214768097261
2.697750563716472
-1.3332314303612751
2.9047851742303425
-7.036419053589202
-4.769541616871555
5.869111999069077
-4.567446491369884
0.9075076831457873
3.142855140895861
2.7602537332069828
3.278934900861116
-6.513095364841497
-8.886995614682629
-6.651023984793201
-0.30820928910646095
-6.4634189174265435
-4.790391257638765
5.108328366227175
-4.45087459155908
-5.707204825790907
-6.035321858327753
4.39559839184931
-7.332129833738546
-3.4042639648132695
0.7678739762775084
0.628613955554179
7.154095120611547
1.1137379067600066
-2.8712634811673308
-5.938409737055103
-5.251531641890212
3.2816083489853236
-8.28071173076238
-7.162969176706772
6.110439347425845
-2.170684008629161
-5.8179179342692775
-5.181651301274879
-5.802562577230561
-2.403475231245367
8.14785967830867
-2.376935215722658
-9.73928095279441
-6.059941313748306
-0.6742421646005217
-2.0471327879378
3.4127776300939923
-6.079766247851783
-6.11982463061015
-2.252094458800118
-1.3327182338881722
-5.686957633974917
5.156795945634988
-4.711094664034259
4.836344920990858
1.1570987259712715
-5.908348388710202
-4.1861842635345194
-4.04067128311161
7.006318134081626
-1.213260250926524
-0.629892669798789
-1.6250382120185844
6.283948445890899
-7.197550474646837
2.1654136604634644
-6.845995325423296
1.986600628262598
-11.376851888680235
-4.15219168597161
-4.451352793605169
-6.9224848933463825
1.3183096492157467
9.356954763585044
-4.4567380517336606
6.907653910002336
5.017581427917581
-3.4634390909612804
2.171857830924236
2.535245971204607
-0.3099798929105497
1.7037893253747667
0.37902787707243757
-2.0292447644039737
5.937402090403369
-2.24935025579964
-3.123744571603707
3.50548229376352
-7.6343821144362485
-14.79698831346947
0.068428785620817
2.20809969015984
-2.080199151394397
-2.840772125248679
2.3524438765017104
-3.357114740315729
8.29205085546728
-12.10016368367562
-0.3781839935932634
3.2219036569380846
4.255676456541075
-6.871538041911822
-6.318991619498312
-5.548408402661341
-13.26516508996332
2.4906962550104854
9.00478369516869
-8.573793738957924
7.878629013424607
-6.079813737955495
