8.423686665979137
7.82624760020976
-2.6195640696025264
0.5853723583152659
-3.0342237922133255
7.654432007478638
0.139857139852273
-2.6341021171678833
1.6528395652203267
7.644519240888204
6.783223176354111
4.94711201559438
-3.176433011671636
-4.128454123524051
8.450692636745314
-1.5414422923466073
-5.1728672739905015
-2.1414105109705996
4.191890371332692
1.1176074655938706
-3.805011969496822
-1.3445900411558291
-1.2553619309673465
7.035760971278048
1.2412651244921147
-2.6819978664576234
-5.1625492868920535
-1.2808348314864402
-4.734516220539154
8.839930063791192
8.327916825569954
4.463078206179942
-3.916144072416323
6.280658740491123
8.638226640906517
1.7677750323352246
7.6007439787133
1.5689180292636706
-2.903023244941958
9.470339146546959
2.091093945451944
7.469403384767091
0.03396768124837912
8.262079294933384
-4.735655643487582
-1.4017599533122391
8.91075583274362
-4.667389022546883
3.243358487605203
-4.768543636705415
-3.499217324179244
-5.398335061102179
-3.5268174765624853
6.496489690945085
8.800350728934452
-3.6621245087657908
9.020416531853163
4.10826268642886
2.3039080461005534
4.940722222639298
1.3788475486197367
3.191343949028406
7.906568883811733
-0.28007225888235787
-2.6699863350811364
0.16234244660537556
-1.7330099371062677
-5.2109146670267
7.153768391526272
9.178372449370139
-2.871918407595526
9.162161581404655
2.6262822792778344
3.438680861751397
0.46671303137778075
-0.9215760338203056
3.635375144679669
6.271976254676696
-0.06622032988724857
8.008945724634744
3.781485873272363
-5.029614419935227
0.4729018738569595
-3.7277849142613655
3.293240498306428
9.056668402429572
8.809222117458596
8.110188458476445
8.454747568845109
-2.6171019481682785
-2.050093611629621
4.083039997465214
-3.5433960026651934
-3.101086067965167
4.423859767704728
8.85501599623122
-0.9569954050481746
-4.545480104740894
-3.6163873454021402
4.22213216789123
1.9333061031100414
0.09760197594352249
-4.90702442925959
-4.627903350270445
5.769012317064469
-3.141479989591347
0.5718067022118838
3.437328841126467
-5.222634531153846
2.6554053638177155
-0.7343611410310196
-3.1958950159628223
1.3555717785999848
5.853750336112091
0.3133581111128523
-4.2060354545423575
2.3856466028528516
3.0087446821417334
-0.04344845200980174
4.785562464286285
2.515575601852971
9.45865335824462
-3.345315618444153
3.6718765106798195
5.700460724505946
-0.8678769983199262
0.7191578118320132
3.6872627273221283
