2.9292999968442452
2.6787465166926556
1.8882019423156784
2.627895455689559
1.5684430209053206
5.3250948670990805
2.4583620087012554
0.8436046886380867
1.1038996152408072
1.1611580504345778
4.579396219893294
5.639982637900523
1.5586214401938638
1.364310025478773
0.8298951481092978
2.874036375508161
4.111642025667353
0.7359673861645237
0.41205087007551033
2.917929477009881
7.198322125316704
1.0227598682280057
1.689975525080691
0.5707942202979353
1.049710715452108
0.6014219405598363
0.08279694159496145
3.032903646834711
2.3702498985181104
1.1775205605984616
6.255470257754984
0.535210315901874
1.626014287953904
3.876708494282641
0.35122588870866617
0.3512780965082784
4.725312685055863
1.5067772705607119
0.7697251452717626
1.2956283342776342
0.48096021857612353
0.5961516297830974
0.6197437406046356
0.4411735108567944
3.710911642080891
0.3686388446818964
0.05172886215953652
1.5329715858642525
0.8719860783496043
0.5347056752639548
7.553516483003805
4.716957057664919
4.85000116415423
2.870929080193083
1.817407696883731
3.9490961439505603
5.9515046999307755
0.06050417327617434
1.8696827183849951
0.006967024355499068
2.0041991198165428
2.1192358585773685
2.4189815348269166
0.26558186881677254
3.086757216343145
1.8374959486875073
2.5875251707624853
0.7829741981555025
1.1380990304608336
2.1801593739950635
1.1581721569055343
1.2601027170528993
0.29742416522454584
1.427266042208159
0.36332453260467923
0.9670747432708068
1.4628310133023534
1.5131200069066906
1.6337760789028435
14.54430065706442
7.671744138340116
3.0575766435875016
2.8294238315025964
0.9784955528073048
0.1800906403265378
5.434265880280654
6.210927040227952
2.015464991307204
0.5567250504460441
0.9816419954343231
7.676485610751083
0.39751433389114116
3.3066200565943342
0.7937925868283116
5.692319832331525
3.3420659587068346
0.5159774067841414
1.373386906726387
4.8981950104190135
0.6136833442924071
0.6665718814788683
1.5115220550131239
0.021548243659021322
4.2820591410901345
5.153218263593144
0.6660097559101053
0.003744359240920804
8.508790048041245
0.41294172987423977
2.390977273071621
0.5853624520126529
2.041917100483129
0.22938074682471923
3.705478594046906
1.304086692742652
0.8863785591904798
6.657759634738804
2.168796645789835
0.1325773873920171
4.1567801841852425
6.450616566147496
1.8260194587415177
1.6381229083338944
0.17527245658367357
0.40578217415985995
4.0020841870002455
1.732342659271039
2.2971555681772955
